0 1584
1 572
2 1248
3 480
4 528
5 624
6 576
7 960
8 896
9 1056
10 920
11 1152
12 640
13 936
14 624
15 952
16 1368
17 1020
18 1080
19 936
20 728
21 720
22 768
23 576
24 1104
25 528
26 836
27 672
28 1368
29 1056
30 1020
31 704
32 600
33 952
34 1368
35 1656
36 1008
37 680
38 840
39 392
40 756
41 840
42 660
43 676
44 640
45 256
46 936
47 768
48 1008
49 816
50 1104
51 320
52 1200
53 612
54 832
55 364
56 1224
57 684
58 400
59 384
60 1792
61 576
62 576
63 1296
64 704
65 1664
66 480
67 864
68 1680
69 960
70 396
71 952
72 484
73 320
74 560
75 1344
76 1408
77 720
78 672
79 1064
80 280
81 676
82 1536
83 800
84 880
85 624
86 728
87 528
88 952
89 960
90 704
91 836
92 1632
93 880
94 1092
95 512
96 1280
97 600
98 836
99 676
score: 85732
